10000000
1000

20210701 0 식사 25000
20210701 0 잡화 5600
20210701 0 수입 10000
20210703 0 잡화 3420
20210704 0 잡화 2400
20210705 0 수입 30000
20210705 0 식사 6500
20210705 0 잡화 1500
20210706 0 교통 1500
20210706 0 식사 8900
20210707 1 기타 40
20210708 1 기타 50
20210708 0 식사 10000
20210708 0 잡화 5620
20210709 0 수입 710000
20210706 1 교통 1
20210709 0 식사 17000
20210709 0 도서 30000
20210710 1 도서 20
20210711 1 잡화 2
20210712 0 잡화 1800
20210712 0 식사 7300
20210713 0 식사 17000
20210714 1 수입 5
20210714 0 식사 7000
20210715 0 정기결제 37550
20210715 0 식사 9000
20210716 0 수입 3000
20210716 0 기타 6500
20210716 0 식사 9000
20210717 0 교통 1500
20210717 1 잡화 4
20210718 0 기타 46000
20210719 0 식사 11050
20210720 1 유흥 16
20210720 0 식사 12000
20210720 1 기타 16
20210722 1 식사 20
20210722 1 교통 1
20210723 0 잡화 11000
20210725 0 잡화 2000
20210726 0 수입 16000
20210726 0 식사 7000
20210726 0 교통 1500
20210727 0 유흥 8770
20210727 0 잡화 8000
20210727 1 교통 1
20210727 0 기타 10000
20210729 0 식사 20000
20210730 0 수입 100000
20210730 0 식사 7000
20210730 0 유흥 10000
20210731 0 식사 12000
20210731 1 정기결제 9
20210801 0 식사 20000
20210801 0 잡화 6600
20210801 0 수입 10000
20210803 0 잡화 1420
20210804 0 잡화 3400
20210805 0 수입 30000
20210805 0 식사 5500
20210805 0 잡화 2500
20210806 0 교통 1500
20210806 0 식사 8900
20210807 1 기타 40
20210808 1 기타 30
20210808 0 식사 20000
20210808 0 잡화 4620
20210809 0 수입 610000
20210806 1 교통 1
20210809 0 식사 15000
20210809 0 도서 20000
20210810 1 도서 20
20210811 1 잡화 2
20210812 0 잡화 1800
20210812 0 식사 10000
20210813 0 식사 13000
20210814 1 수입 5
20210814 0 식사 5000
20210815 0 정기결제 37550
20210815 0 식사 9000
20210816 0 수입 3000
20210816 0 기타 1000
20210816 0 식사 7000
20210817 0 교통 1500
20210817 1 잡화 6
20210818 0 기타 46000
20210819 0 식사 11000
20210820 1 유흥 13
20210820 0 식사 12000
20210820 1 기타 16
20210822 1 식사 20
20210822 1 교통 1
20210823 0 잡화 11000
20210825 0 잡화 2000
20210826 0 수입 16000
20210826 0 식사 7000
20210826 0 교통 1500
20210827 0 유흥 8700
20210827 0 잡화 8000
20210827 1 교통 1
20210827 0 기타 10000
20210829 0 식사 20000
20210830 0 수입 100000
20210830 0 식사 6000
20210830 0 유흥 10000
20210831 0 식사 12000
20210831 1 정기결제 9
20210901 0 식사 10000
20210901 0 잡화 6000
20210901 0 수입 10000
20210903 0 잡화 1420
20210904 0 잡화 3400
20210905 0 수입 30000
20210905 0 식사 7000
20210905 0 잡화 2500
20210906 0 교통 1500
20210906 0 식사 9900
20210907 1 기타 40
20210908 1 기타 20
20210908 0 식사 20000
20210909 0 잡화 4620
20210909 0 수입 610000
20210906 1 교통 1
20210909 0 식사 15000
20210909 0 도서 30000
20210910 1 도서 10
20210911 1 잡화 2
20210912 0 잡화 1900
20210912 0 식사 10000
20210913 0 식사 13000
20210914 1 수입 5
20210914 0 식사 5000
20210915 0 정기결제 37550
20210915 0 식사 9000
20210916 0 수입 3000
20210916 0 기타 1000
20210916 0 식사 7000
20210917 0 교통 1500
20210917 1 잡화 6
20210919 0 기타 46000
20210919 0 식사 11000
20210920 1 유흥 13
20210920 0 식사 12000
20210920 1 기타 16
20210922 1 식사 20
20210922 1 교통 1
20210923 0 잡화 9000
20210925 0 잡화 2000
20210926 0 수입 20000
20210926 0 식사 10000
20210926 0 교통 1500
20210927 0 유흥 10000
20210927 0 잡화 4000
20210927 1 교통 1
20210927 0 기타 10000
20210929 0 식사 50000
20210930 0 수입 100000
20210930 0 식사 4000
20210930 0 유흥 10000
20210931 0 식사 12000
20210931 1 정기결제 9